Mutations, Test Loss, Test Accuracy
0 0.41193488240242004 0.8938807249069214
1 0.5429389476776123 0.8861348032951355
2 0.5420628190040588 0.8923315405845642
3 0.658268928527832 0.8915569186210632
4 0.8654361367225647 0.8822618126869202
5 1.0929259061813354 0.8752904534339905
0 0.4237281382083893 0.8946552872657776
1 0.5864628553390503 0.879938006401062
2 0.6241633296012878 0.8745158910751343
3 0.844298243522644 0.8698683381080627
4 0.8316459655761719 0.890782356262207
5 0.9797996878623962 0.8869093656539917
0 0.5078725218772888 0.8822618126869202
1 0.5993174910545349 0.8776142597198486
2 0.5973562598228455 0.8838109970092773
3 0.710004985332489 0.8892331719398499
4 0.8748166561126709 0.8830364346504211
5 1.039705514907837 0.8838109970092773
0 0.47720250487327576 0.8822618126869202
1 0.5341176986694336 0.8845856189727783
2 0.6884368658065796 0.8822618126869202
3 0.7317340970039368 0.8884585499763489
4 0.9006179571151733 0.890007734298706
5 0.9307248592376709 0.8969790935516357
0 0.42921745777130127 0.8892331719398499
1 0.5290800929069519 0.8915569186210632
2 0.5494203567504883 0.890782356262207
3 0.7062367796897888 0.8760650753974915
4 0.9778946042060852 0.8768396377563477
5 1.105815052986145 0.8884585499763489
0 0.45716115832328796 0.8923315405845642
1 0.5252528786659241 0.8791634440422058
2 0.6398935914039612 0.880712628364563
3 0.8093738555908203 0.8698683381080627
4 0.7786377668380737 0.8993028402328491
5 0.9868480563163757 0.890007734298706
